
027982024011457050111
027982024011457050114
027982024011457050116
027982024011457050113
027982024011457050112
027982024011457050115
027982024011457050118
027982024011457050119
027982024011457050121
027982024011457050120
027982024011457050122
027982024011457050123
027982024011457050124
027982024011457050125
027982024011457002858
027982024011457050126
027982024011457050127
027982024011457050128
027982024011457050131
027982024011457050130
027982024011457050129
027982024011457050132
027982024011457003727
027982024011457050133
027982024011457050134
027982024011457050135
027982024011457050136
027982024011457050137
027982024011457050138
027982024011457050139
027982024011457050140
027982024011457050141
027982024011457050142
027982024011457050143
027982024011457050144
027982024011457050145
027982024011457050146
027982024011457050147
027982024011457050148
027982024011457050150
027982024011457050149
027982024011457050151
027982024011457050152
027982024011457050154
027982024011457050155
027982024011457050153
027982024011457050156
027982024011457050157
027982024011457050158
027982024011457050159
027982024011457050160
027982024011457050161
027982024011457050162
027982024011457050165
027982024011457050164
027982024011457050166
027982024011457050167
027982024011457050168
027982024011457004632
027982024011457050173
027982024011457050169
027982024011457050172
027982024011457050170
027982024011457050171
027982024011457050174
027982024011457050175
027982024011457050176
027982024011457025006
027982024011457050177
027982024011457050178
027982024011457050179
027982024011457050180
027982024011457050181
027982024011457050182
027982024011457050183
027982024011457050184
027982024011457050186
027982024011457004908
027982024011457050185
027982024011457050187
027982024011457050188
027982024011457050189
027982024011457050190
027982024011457050191
027982024011457050192
027982024011457050193
027982024011457050194
027982024011457050195
027982024011457050196
027982024011457050197
027982024011457050198
027982024011457050199
027982024011457050200
027982024011457050201
027982024011457050202
027982024011457050203
027982024011457050204
027982024011457050205
027982024011457050207
027982024011457050206
027982024011457050208
027982024011457050209
027982024011457016098
027982024011457016097
027982024011457050210
027982024011457050211
027982024011457050212
027982024011457050213
027982024011457050214
027982024011457050215
027982024011457050216
027982024011457050217
027982024011457050218
027982024011457050219
027982024011457050220
027982024011457050221
027982024011457050222
027982024011457050224
027982024011457050225
027982024011457050226
027982024011457050227
027982024011457050228
027982024011457050229
027982024011457050230
027982024011457050233
027982024011457050232
027982024011457050234
027982024011457050235
027982024011457050236
027982024011457050238
027982024011457050237
027982024011457050240
027982024011457050241
027982024011457050244
027982024011457050245
027982024011457050246
027982024011457050247
027982024011457050248
027982024011457050249
027982024011457050251
027982024011457050250
027982024011457050252
027982024011457050253
027982024011457050254
027982024011457050255
027982024011457050256
027982024011457050257
027982024011457050258
027982024011457050259
027982024011457050261
027982024011457050260
027982024011457050262
027982024011457050263
027982024011457050265
027982024011457050264
027982024011457050266
027982024011457050267
027982024011457050268
027982024011457050269
027982024011457050270
027982024011457050271
027982024011457050272
027982024011457050276
027982024011457050274
027982024011457050275
027982024011457018130
027982024011457050277
027982024011457050278
027982024011457018227
027982024011457018229
027982024011457018232
027982024011457018228
027982024011457018231
027982024011457018230
027982024011457018233
027982024011457050281
027982024011457050286
027982024011457050285
027982024011457050287
027982024011457050288
027982024011457050289
027982024011457050290
027982024011457050291
027982024011457050292
027982024011457050293
027982024011457050294
027982024011457050296
027982024011457050297
027982024011457050298
027982024011457050299
027982024011457050300
027982024011457050301
027982024011457050302
027982024011457050303
027982024011457050304
027982024011457050305
027982024011457050306
027982024011457050307
027982024011457050308
027982024011457050309
027982024011457050310
027982024011457050311
027982024011457050312
027982024011457050313
027982024011457050316
027982024011457050315
027982024011457050317
027982024011457050319
027982024011457050318
027982024011457050320
027982024011457050321
027982024011457050322
027982024011457050983
027982024011457050325
027982024011457050323
027982024011457050324
027982024011457050326
027982024011457050327
027982024011457050328
027982024011457050329
027982024011457050330
027982024011457050331
027982024011457050332
027982024011457050333
027982024011457050334
027982024011457050336
027982024011457050335
027982024011457050338
027982024011457050339
027982024011457050340
027982024011457050342
027982024011457050343
027982024011457050341
027982024011457050345
027982024011457050346
027982024011457050347
027982024011457050348
027982024011457050349
027982024011457050350
027982024011457050351
027982024011457050352
027982024011457050353
027982024011457050354
027982024011457050355
027982024011457050356
027982024011457050357
027982024011457050359
027982024011457050360
027982024011457050358
027982024011457050362
027982024011457050364
027982024011457050363
027982024011457050368
027982024011457050366
027982024011457050365
027982024011457050367
027982024011457050369
027982024011457050370
027982024011457050372
027982024011457050373
027982024011457050374
027982024011457050376
027982024011457050375
027982024011457050378
027982024011457050379
027982024011457050380
027982024011457050381
027982024011457050382
027982024011457050383
027982024011457050386
027982024011457050385
027982024011457050388
027982024011457050387
027982024011457050389
027982024011457050390
027982024011457050392
027982024011457050393
027982024011457050394
027982024011457050395
027982024011457050396
027982024011457050399
027982024011457050398
027982024011457050400
027982024011457050401
027982024011457050402
027982024011457050404
027982024011457050403
027982024011457050405
027982024011457050406
027982024011457050407
027982024011457050408
027982024011457050409
027982024011457050411
027982024011457050410
027982024011457050413
027982024011457050414
027982024011457050415
027982024011457050416
027982024011457050417
027982024011457050418
027982024011457009436
027982024011457050419
027982024011457050420
027982024011457050421
027982024011457050422
027982024011457050423
027982024011457050425
027982024011457050426
027982024011457050424
027982024011457050427
027982024011457050430
027982024011457050432
027982024011457050429
027982024011457050431
027982024011457050433
027982024011457050434
027982024011457050435
027982024011457050437
027982024011457050438
027982024011457050439
027982024011457050441
027982024011457050442
027982024011457050444
027982024011457050443
027982024011457050448
027982024011457050449
027982024011457050451
027982024011457050452
027982024011457050453
027982024011457050455
027982024011457050456
027982024011457050457
027982024011457050459
027982024011457050460
027982024011457050463
027982024011457050464
027982024011457050465
027982024011457050466
027982024011457050984
027982024011457050467
027982024011457050469
027982024011457050470
027982024011457050471
027982024011457050473
027982024011457050474
027982024011457050476
027982024011457050477
027982024011457050479
027982024011457050480
027982024011457050481
027982024011457050482
027982024011457050483
027982024011457050484
027982024011457050485
027982024011457050487
027982024011457050486
027982024011457050488
027982024011457050489
027982024011457050490
027982024011457050491
027982024011457050492
027982024011457050493
027982024011457050494
027982024011457050495
027982024011457050496
027982024011457050497
027982024011457050498
027982024011457050499
027982024011457050500
027982024011457050501
027982024011457050502
027982024011457050503
027982024011457050504
027982024011457050505
027982024011457050506
027982024011457050507
027982024011457050508
027982024011457050509
027982024011457050510
027982024011457050511
027982024011457050512
027982024011457050513
027982024011457050514
027982024011457012595
027982024011457050517
027982024011457050515
027982024011457050518
027982024011457050519
027982024011457050520
027982024011457050521
027982024011457050523
027982024011457050522
027982024011457050524
027982024011457050528
027982024011457050527
027982024011457050529
027982024011457050530
027982024011457050531
027982024011457050532
027982024011457050533
027982024011457050534
027982024011457050536
027982024011457050537
027982024011457050538
027982024011457050539
027982024011457050540
027982024011457050542
027982024011457050541
027982024011457050543
027982024011457050545
027982024011457050547
027982024011457050548
027982024011457050549
027982024011457050550
027982024011457050551
027982024011457050552
027982024011457050553
027982024011457050554
027982024011457050555
027982024011457050556
027982024011457050558
027982024011457050557
027982024011457050559
027982024011457050561
027982024011457050560
027982024011457050562
027982024011457050563
027982024011457050565
027982024011457050566
027982024011457050567
027982024011457050568
027982024011457050570
027982024011457050571
027982024011457050569
027982024011457050572
027982024011457050573
027982024011457050574
027982024011457050575
027982024011457050577
027982024011457050578
027982024011457050581
027982024011457050580
027982024011457050582
027982024011457050583
027982024011457050584
027982024011457050585
027982024011457050586
027982024011457050587
027982024011457050588
027982024011457050589
027982024011457021786
027982024011457021788
027982024011457021787
027982024011457050593
027982024011457021789
027982024011457021790
027982024011457021791
027982024011457021792
027982024011457021793
027982024011457021794
027982024011457021797
027982024011457021795
027982024011457021796
027982024011457021798
027982024011457021799
027982024011457021800
027982024011457021803
027982024011457021802
027982024011457021801
027982024011457050591
027982024011457021804
027982024011457021805
027982024011457021809
027982024011457021808
027982024011457021807
027982024011457021806
027982024011457021811
027982024011457021810
027982024011457021812
027982024011457050594
027982024011457050592
027982024011457050595
027982024011457050597
027982024011457050598
027982024011457050600
027982024011457050599
027982024011457050602
027982024011457050605
027982024011457050607
027982024011457050608
027982024011457050609
027982024011457050610
027982024011457050613
027982024011457050612
027982024011457050614
027982024011457050615
027982024011457050616
027982024011457050618
027982024011457050622
027982024011457050620
027982024011457050621
027982024011457050623
027982024011457050624
027982024011457050625
027982024011457050627
027982024011457050626
027982024011457022641
027982024011457022642
027982024011457022643
027982024011457022644
027982024011457022586
027982024011457050635
027982024011457029514
027982024011457050637
027982024011457050639
027982024011457050641
027982024011457050645
027982024011457050643
027982024011457050646
027982024011457050647
027982024011457050649
027982024011457050650
027982024011457050651
027982024011457050652
027982024011457050653
027982024011457050654
027982024011457050656
027982024011457050655
027982024011457050657
027982024011457050659
027982024011457050658
027982024011457050661
027982024011457050660
027982024011457050663
027982024011457050662
027982024011457050664
027982024011457050665
027982024011457050666
027982024011457050670
027982024011457050672
027982024011457050673
027982024011457050674
027982024011457050675
027982024011457050676
027982024011457050677
027982024011457050679
027982024011457050678
027982024011457050681
027982024011457050680
027982024011457050683
027982024011457050686
027982024011457050687
027982024011457050689
027982024011457050690
027982024011457050691
027982024011457030102
027982024011457073394
027982024011457073397
027982024011457073398
027982024011457073399
027982024011457073400
027982024011457073402
027982024011457073405
027982024011457073406
027982024011457073407
027982024011457073408
027982024011457073409
027982024011457031127
027982024011457073411
027982024011457031442
027982024011457031622
027982024011457073414
027982024011457031736
027982024011457031738
027982024011457050788
027982024011457073419
027982024011457073420
027982024011457073421
027982024011457073422
027982024011457073424
027982024011457032244
027982024011457056509
027982024011457056510
027982024011457056511
027982024011457032295
027982024011457073433
027982024011457073434
027982024011457032545
027982024011457050861
027982024011457073438
027982024011457073440
027982024011457073441
027982024011457073443
027982024011457073444
027982024011457073445
027982024011457073446
027982024011457050901
027982024011457073447
027982024011457033670
027982024011457033681
027982024011457033735
027982024011457073449
027982024011457050913
027982024011457073450
027982024011457073452
027982024011457033778
027982024011457033814
027982024011457033943
027982024011457073451
027982024011457033963
027982024011457073454
027982024011457073455
027982024011457073456
027982024011457073457
027982024011457073459
027982024011457034283
027982024011457073460
027982024011457073462
027982024011457034512
027982024011457034547
027982024011457034558
027982024011457034672
027982024011457034676
027982024011457034688
027982024011457034698
027982024011457073463
027982024011457073464
027982024011457035430
027982024011457035484
027982024011457035485
027982024011457035493
027982024011457035491
027982024011457035496
027982024011457035499
027982024011457035505
027982024011457035514
027982024011457035524
027982024011457035533
027982024011457073465
027982024011457035736
027982024011457073467
027982024011457035855
027982024011457035858
027982024011457035861
027982024011457073468
027982024011457035901
027982024011457035909
027982024011457035920
027982024011457035928
027982024011457035933
027982024011457036080
027982024011457036081
027982024011457073476
027982024011457073485
027982024011457036338
027982024011457036430
027982024011457073479
027982024011457036463
027982024011457036661
027982024011457073480
027982024011457036823
027982024011457036867
027982024011457037082
027982024011457037449
027982024011457037476
027982024011457037495
027982024011457037528
027982024011457037630
027982024011457037646
027982024011457037670
027982024011457037688
027982024011457037773
027982024011457038129
027982024011457038224
027982024011457038439
027982024011457038799
027982024011457038806
027982024011457038842
027982024011457051047
027982024011457051053
027982024011457039271
027982024011457039272
027982024011457039415
027982024011457039455
027982024011457039520
027982024011457039809
027982024011457039936
027982024011457039948
027982024011457051099
027982024011457040299
027982024011457040310
027982024011457040515
027982024011457040558
027982024011457040586
027982024011457040723
027982024011457040734
027982024011457040864
027982024011457040876
027982024011457040893
027982024011457040976
027982024011457040990
027982024011457041020
027982024011457041058
027982024011457041079
027982024011457041168
027982024011457041166
027982024011457041247
027982024011457041252
027982024011457041420
027982024011457051169
027982024011457041471
027982024011457041481
027982024011457041502
027982024011457041518
027982024011457041537
027982024011457041571
027982024011457041582
027982024011457041584
027982024011457041595
027982024011457041640
027982024011457041674
027982024011457041707
027982024011457041717
027982024011457041867
027982024011457051199
027982024011457041945
027982024011457042008
027982024011457042056
027982024011457042114
027982024011457042130
027982024011457042187
027982024011457042218
027982024011457042227
027982024011457042589
027982024011457042808
027982024011457042809
027982024011457042811
027982024011457042837
027982024011457042851
027982024011457043028
027982024011457073868
027982024011457043527
027982024011457043640
027982024011457043643
027982024011457043731
027982024011457043753
027982024011457043781
027982024011457043801
027982024011457043813
027982024011457043829
027982024011457043832
027982024011457043963
027982024011457043998
027982024011457044025
027982024011457044119
027982024011457044134
027982024011457044137
027982024011457044164
027982024011457044192
027982024011457044255
027982024011457044257
027982024011457044261
027982024011457044405
027982024011457044408
027982024011457044410
027982024011457044409
027982024011457044412
027982024011457044413
027982024011457044416
027982024011457044415
027982024011457044417
027982024011457044420
027982024011457044422
027982024011457044454
027982024011457044520
027982024011457044569
027982024011457044644
027982024011457044709
027982024011457044801
027982024011457073951
027982024011457044919
027982024011457044927
027982024011457044951
027982024011457044978
027982024011457045029
027982024011457045044
027982024011457045093
027982024011457045302
027982024011457045365
027982024011457045584
027982024011457045676
027982024011457045824
027982024011457045840
027982024011457046019
027982024011457046034
027982024011457046038
027982024011457046043
027982024011457046136
027982024011457046179
027982024011457046190
027982024011457046209
027982024011457046214
027982024011457046244
027982024011457046323
027982024011457046407
027982024011457046410
027982024011457046520
027982024011457046549
027982024011457046555
027982024011457046573
027982024011457046582
027982024011457046616
027982024011457046637
027982024011457046683
027982024011457046699
027982024011457046703
027982024011457046756
027982024011457046860
027982024011457047141
027982024011457047142
027982024011457047145
027982024011457047260
027982024011457047270
027982024011457047277
027982024011457047306
027982024011457047309
027982024011457047310
027982024011457047349
027982024011457047354
027982024011457047359
027982024011457047366
027982024011457047369
027982024011457047370
027982024011457051347
027982024011457047387
027982024011457047487
027982024011457047498
027982024011457047505
027982024011457047506
027982024011457047504
027982024011457047507
027982024011457047669
027982024011457047806
027982024011457047826
027982024011457048056
027982024011457048124
027982024011457048140
027982024011457048228
027982024011457051387
027982024011457048598
027982024011457048663
027982024011457048730
027982024011457048780
027982024011457049028
027982024011457049179
027982024011457049247
027982024011457049260
027982024011457049330
027982024011457049372
027982024011457049551
027982024011457052054
027982024011457052149
027982024011457052211
027982024011457052221
027982024011457052294
027982024011457052293
027982024011457052296
027982024011457049965
027982024011457052704
027982024011457053556
027982024011457053567
027982024011457053595
027982024011457053626
027982024011457053661
027982024011457053785
027982024011457053834
027982024011457053839
027982024011457053993
027982024011457054017
027982024011457054209
027982024011457054321
027982024011457054662
027982024011457054680
027982024011457054693
027982024011457054712
027982024011457054724
027982024011457054908
027982024011457055035
027982024011457055134
027982024011457055146
027982024011457055260
027982024011457055267
027982024011457055276
027982024011457055287
027982024011457055298
027982024011457055434
027982024011457055541
027982024011457055554
027982024011457055585
027982024011457055640
027982024011457055704
027982024011457055795
027982024011457055957
027982024011457055980
027982024011457056063
027982024011457056074
027982024011457056076
027982024011457059367
027982024011457059771
027982024011457059820
027982024011457066133
027982024011457066192
027982024011457066194
027982024011457066197
027982024011457066198
027982024011457062097
027982024011457062098
027982024011457062100
027982024011457062099
027982024011457062101
027982024011457062102
027982024011457062103
027982024011457062104
027982024011457062105
027982024011457062106
027982024011457062107
027982024011457062108
027982024011457062109
027982024011457062110
027982024011457062111
027982024011457062112
027982024011457062113
027982024011457062114
027982024011457062115
027982024011457062116
027982024011457062117
027982024011457062118
027982024011457062119
027982024011457062120
027982024011457062121
027982024011457062122
027982024011457062123
027982024011457062124
027982024011457062125
027982024011457062126
027982024011457062127
027982024011457062128
027982024011457062129
027982024011457062130
027982024011457062139
027982024011457063103
027982024011457063099
027982024011457063371
027982024011457075212
027982024011457075257
027982024011457075255
027982024011457068794
027982024011457068795
027982024011457075307
027982024011457067115
027982024011457065844
027982024011457065848
027982024011457065860
027982024011457068300
027982024011457068301
027982024011457072054
027982024011457075794
027982024011457075605
027982024011457069266
027982024011457069265
027982024011457069368
027982024011457069760
027982024011457069761
027982024011457069826
027982024011457069895
027982024011457069951
027982024011457069952
027982024011457070009
027982024011457070008
027982024011457072630
027982024011457073021
027982024011457073022
027982024021457000001
027982024021457000002
027982024021457000003
027982024021457000004
027982024021457000005
027982024021457000006
027982024021457000007
027982024021457000008
027982024021457000009
027982024021457000010
027982024021457000011
027982024021457000012
027982024021457000013
027982024021457000014
027982024021457000015
027982024021457000016
027982024021457000017
027982024021457000018
027982024021457000019
027982024021457000020
027982024021457000021
027982024021457000022
027982024021457000023
027982024021457000024
027982024021457000025
027982024021457000026
027982024021457000027
027982024021457000028
027982024021457000029
027982024021457000030
027982024021457000031
027982024021457000032
027982024021457000033
027982024021457000034
027982024021457000035
027982024021457000036
027982024021457000037
027982024021457000038
027982024021457000039
027982024021457000040
027982024021457000042
027982024021457000043
027982024021457000044
027982024021457000045
027982024021457000046
027982024021457000047
027982024021457000048
027982024021457000049
027982024021457000050
027982024021457000051
027982024021457000052
027982024021457000053
027982024021457000054
027982024021457000055
027982024021457000056
027982024021457000057
027982024021457000058
027982024021457000059
027982024021457000060
027982024021457000061
027982024021457000062
027982024021457000063
027982024021457000064
027982024021457000065
027982024021457000066
027982024021457000067
027982024021457000068
027982024021457000069
027982024021457000070
027982024021457000071
027982024021457000072
027982024021457000073
027982024021457000074
027982024021457000075
027982024021457000076
027982024021457000077
027982024021457000078
027982024021457000079
027982024021457000080
027982024021457000081
027982024021457000082
027982024021457000083
027982024021457000084
027982024021457000085
027982024021457000086
027982024021457000087
027982024021457000088
027982024021457000089
027982024021457000090
027982024021457000091
027982024021457000092
027982024021457000093
027982024021457000094
027982024021457000095
027982024021457000096
027982024021457000097
027982024021457000098
027982024021457000099
027982024021457000100
027982024021457000101
027982024021457000102
027982024021457000103
027982024021457000104
027982024021457000105
027982024021457000106
027982024021457000107
027982024021457000108
027982024021457000109
027982024021457000110
027982024021457000111
027982024021457000112
027982024021457000113
027982024021457000114
027982024021457000115
027982024021457000116
027982024021457000117
027982024021457000118
027982024021457000119
027982024021457000120
027982024021457000121
027982024021457000122
027982024021457000123
027982024021457000124
027982024021457000125
027982024021457000126
027982024021457000127
027982024021457000128
027982024021457000129
027982024021457000130
027982024021457000131
027982024021457000132
027982024021457000133
027982024021457000134
027982024021457000135
027982024021457000136
027982024021457000137
027982024021457000138
027982024021457000139
027982024021457000140
027982024021457000141
027982024021457000142
027982024021457000143
027982024021457000144
027982024021457000145
027982024021457000146
027982024021457000147
027982024021457000148
027982024021457000149
027982024021457000150
027982024021457000151
027982024021457000152
027982024021457000153
027982024021457000154
027982024021457000155
027982024021457000156
027982024021457000157
027982024021457000158
027982024021457000159
027982024021457000160
027982024021457000161
027982024021457000162
027982024021457000163
027982024021457000164
027982024021457000165
027982024021457000166
027982024021457000167
027982024021457000168
027982024021457000169
027982024021457000170
027982024021457000171
027982024021457000172
027982024021457000173
027982024021457000174
027982024021457000175
027982024021457000176
027982024021457000177
027982024021457000178
027982024021457000179
027982024021457000180
027982024021457000181
027982024021457000182
027982024021457000183
027982024021457000184
027982024021457000185
027982024021457000186
027982024021457000187
027982024021457000188
027982024021457000189
027982024021457000190
027982024021457000191
027982024021457000192
027982024021457000193
027982024021457000194
027982024021457000195
027982024021457000196
027982024021457000197
027982024021457000198
027982024021457000199
027982024021457000200
027982024021457000201
027982024021457000202
027982024021457000203
027982024021457000204
027982024021457000205
027982024021457000763
027982024021457000764
027982024021457000783
027982024021457000803
027982024021457000823
027982024021457001002
027982024021457001109
027982024021457001174
027982024021457001202
027982024021457001237
027982024021457001277
027982024021457001346
027982024021457002163
027982024021457002752
027982024021457002772
027982024021457002792
027982024021457002812
027982024021457002832
027982024021457002852
027982024021457002872
027982024021457002892
027982024021457002932
027982024021457003395
027982024021457003402
027982024021457004398
027982024021457004399
027982024021457004400
027982024021457004401
027982024021457004402
027982024021457004403
027982024021457004404
027982024021457004405
027982024021457004406
027982024021457004407
027982024021457004408
027982024021457004409
027982024021457004410
027982024021457004411
027982024021457004456
027982024021457004465
027982024021457004467
027982024021457004474
027982024021457004475
027982024021457004476
027982024021457004477
027982024021457004478
027982024021457004479
027982024021457004481
027982024021457004483
027982024021457004537
027982024021457004538
027982024021457005961
027982024021457006085
027982024021457006124
027982024021457009398
027982024021457009985
027982024021457011925
027982024021457012203
027982024021457013133
027982024021457013667
027982024021457013668
027982024021457013669
027982024021457013670
027982024021457013671
027982024021457013672
027982024021457013673
027982024021457013674
027982024021457013675
027982024021457013676
027982024021457013677
027982024021457013678
027982024021457013679
027982024021457013680
027982024021457013681
027982024021457013682
027982024021457013683
027982024021457013684
027982024021457013685
027982024021457013686
027982024021457013687
027982024021457013688
027982024021457013689
027982024021457013690
027982024021457013691
027982024021457013692
027982024021457013693
027982024021457013694
027982024021457013695
027982024021457013696
027982024021457013697
027982024021457013698
027982024021457013699
027982024021457013700
027982024021457013701
027982024021457013702
027982024021457013703
027982024021457013704
027982024021457013705
027982024021457013706
027982024021457013707
027982024021457013708
027982024021457013709
027982024021457013710
027982024021457013711
027982024021457013712
027982024021457013713
027982024021457013714
027982024021457013715
027982024021457013716
027982024021457013717
027982024021457013718
027982024021457013719
027982024021457013720
027982024021457013721
027982024021457013722
027982024021457013723
027982024021457013724
027982024021457013725
027982024021457013726
027982024021457013727
027982024021457013728
027982024021457013729
027982024021457014732
027982024021457014733
027982024021457014736
027982024021457014737
027982024021457014738
027982024021457014739
027982024021457014740
027982024021457014741
027982024021457014742
027982024021457014743
027982024021457014744
027982024021457014745
027982024021457014746
027982024021457014747
027982024021457014748
027982024021457014749
027982024021457014750
027982024021457014751
027982024021457014752
027982024021457014753
027982024021457014829
027982024021457014834
027982024021457014850
027982024021457015942
027982024021457016129
027982024021457016295
027982024021457016315
